12 0 0 0 0
22 0 0 0 0
32 0 0 0 45
42 0 0 0 62
52 0 0 0 78
62 0 0 0 83
72 0 0 0 116
82 0 0 0 116
92 0 0 0 129
102 0 0 0 151
112 0 0 0 185
122 0 0 0 189
132 0 0 0 198
142 0 0 0 289
152 0 0 0 295
162 0 0 0 326
172 0 0 0 332
182 0 0 0 368
192 0 0 0 384
202 0 0 0 384
212 0 0 0 384
222 0 0 0 384
232 0 0 0 462
242 0 0 0 468
252 0 0 0 468
262 0 0 0 493
272 0 0 0 525
282 0 0 0 525
292 0 0 0 525
302 0 0 0 525
312 0 0 0 525
322 0 0 0 557
332 0 0 0 560
342 0 0 0 560
352 0 0 0 560
362 0 0 0 560
372 0 0 0 560
382 0 0 0 560
392 0 0 0 560
402 0 0 0 560
412 0 0 0 560
422 0 0 0 560
432 0 0 0 560
442 0 0 0 560
452 0 0 0 560
462 0 0 0 560
472 0 0 0 560
482 0 0 0 560
492 0 0 0 560
502 0 0 0 560
512 0 0 0 560
522 0 0 0 560
532 0 0 0 560
542 0 0 0 560
552 0 0 0 560
562 0 0 0 560
572 0 0 0 560
582 0 0 0 560
592 0 0 0 560
602 0 0 0 560
612 0 0 0 560
622 0 0 0 560
632 0 0 0 560
642 0 0 0 560
652 0 0 0 560
662 0 0 0 560
672 0 0 0 560
682 0 0 0 560
692 0 0 0 560
702 0 0 0 560
712 0 0 0 560
722 0 0 0 560
732 0 0 0 560
742 0 0 0 560
752 0 0 0 560
762 0 0 0 560
772 0 0 0 560
782 0 0 0 560
792 0 0 0 560
802 0 0 0 560
812 0 0 0 560
822 0 0 0 560
832 0 0 0 560
842 0 0 0 560
852 0 0 0 560
862 0 0 0 560
872 0 0 0 560
882 0 0 0 560
892 0 0 0 560
902 0 0 0 560
912 0 0 0 560
922 0 0 0 560
932 0 0 0 560
942 0 0 0 560
952 0 0 0 560
962 0 0 0 560
972 0 0 0 560
982 0 0 0 560
992 0 0 0 560
1002 0 0 0 560
1012 0 0 0 560
1022 0 0 0 560
1032 0 0 0 560
1042 0 0 0 560
1052 0 0 0 560
1062 0 0 0 560
1072 0 0 0 560
1082 0 0 0 560
1092 0 0 0 560
1102 0 0 0 560
1112 0 0 0 560
1122 0 0 0 560
1132 0 0 0 560
1142 0 0 0 560
1152 0 0 0 560
1162 0 0 0 560
1172 0 0 0 560
1182 0 0 0 560
1192 0 0 0 560
1202 0 0 0 560
1212 0 0 0 560
1222 0 0 0 560
1232 0 0 0 560
1242 0 0 0 560
1252 0 0 0 560
1262 0 0 0 560
1272 0 0 0 560
1282 0 0 0 560
1292 0 0 0 560
1302 0 0 0 560
1312 0 0 0 560
1322 0 0 0 560
1332 0 0 0 560
1342 0 0 0 560
1352 0 0 0 560
1362 0 0 0 560
1372 0 0 0 560
1382 0 0 0 560
1392 0 0 0 560
1402 0 0 0 560
1412 0 0 0 560
1422 0 0 0 560
1432 0 0 0 560
1442 0 0 0 560
1452 0 0 0 560
1462 0 0 0 560
1472 0 0 0 560
1482 0 0 0 560
1492 0 0 0 560
1502 0 0 0 560
1512 0 0 0 560
1522 0 0 0 560
1532 0 0 0 560
1542 0 0 0 560
1552 0 0 0 560
1562 0 0 0 560
1572 0 0 0 560
1582 0 0 0 560
1592 0 0 0 560
1602 0 0 0 560
1612 0 0 0 560
1622 0 0 0 560
1632 0 0 0 560
1642 0 0 0 560
1652 0 0 0 560
1662 0 0 0 560
1672 0 0 0 560
1682 0 0 0 560
1692 0 0 0 560
1702 0 0 0 560
1712 0 0 0 560
1722 0 0 0 560
1732 0 0 0 560
1742 0 0 0 560
1752 0 0 0 560
1762 0 0 0 560
1772 0 0 0 560
1782 0 0 0 560
1792 0 0 0 560
1802 0 0 0 560
1812 0 0 0 560
1822 0 0 0 560
1832 0 0 0 560
1842 0 0 0 560
1852 0 0 0 560
1862 0 0 0 560
1872 0 0 0 560
1882 0 0 0 560
1892 0 0 0 560
1902 0 0 0 560
1912 0 0 0 560
1922 0 0 0 560
1932 0 0 0 560
1942 0 0 0 560
1952 0 0 0 560
1962 0 0 0 560
1972 0 0 0 560
1982 0 0 0 560
1992 0 0 0 560
2002 0 0 0 560