12 0 0 0 0
22 0 0 0 0
32 0 0 0 0
42 0 0 0 0
52 0 0 0 0
62 0 0 0 150
72 0 0 0 330
82 0 0 0 455
92 0 0 0 455
102 0 0 0 900
112 0 0 0 900
122 0 0 0 900
132 0 0 0 1550
142 0 0 0 1700
152 0 0 0 1700
162 0 0 0 1700
172 0 0 0 1700
182 0 0 0 1700
192 0 0 0 1700
202 0 0 0 1700
212 0 0 0 1700
222 0 0 0 1700
232 0 0 0 1700
242 0 0 0 1700
252 0 0 0 1700
262 0 0 0 1850
272 0 0 0 2000
282 0 0 0 2200
292 0 0 0 2200
302 0 0 0 2200
312 0 0 0 2400
322 0 0 0 2500
332 0 0 0 2500
342 0 0 0 2500
352 0 0 0 2500
362 0 0 0 2500
372 0 0 0 2500
382 0 0 0 2500
392 0 0 0 2500
402 0 0 0 2500
412 0 0 0 2500
422 0 0 0 2500
432 0 0 0 2500
442 0 0 0 2500
452 0 0 0 2500
462 0 0 0 2500
472 0 0 0 2500
482 0 0 0 2500
492 0 0 0 2500
502 0 0 0 2500
512 0 0 0 2500
522 0 0 0 2500
532 0 0 0 2500
542 0 0 0 2500
552 0 0 0 2500
562 0 0 0 2500
572 0 0 0 2500
582 0 0 0 2500
592 0 0 0 2500
602 0 0 0 2500
612 0 0 0 2500
622 0 0 0 2500
632 0 0 0 2500
642 0 0 0 2500
652 0 0 0 2500
662 0 0 0 2500
672 0 0 0 2500
682 0 0 0 2500
692 0 0 0 2500
702 0 0 0 2500
712 0 0 0 2500
722 0 0 0 2500
732 0 0 0 2500
742 0 0 0 2500
752 0 0 0 2500
762 0 0 0 2500
772 0 0 0 2500
782 0 0 0 2500
792 0 0 0 2500
802 0 0 0 2500
812 0 0 0 2500
822 0 0 0 2500
832 0 0 0 2500
842 0 0 0 2500
852 0 0 0 2500
862 0 0 0 2500
872 0 0 0 2500
882 0 0 0 2500
892 0 0 0 2500
902 0 0 0 2500
912 0 0 0 2500
922 0 0 0 2500
932 0 0 0 2500
942 0 0 0 2500
952 0 0 0 2500
962 0 0 0 2500
972 0 0 0 2500
982 0 0 0 2500
992 0 0 0 2500
1002 0 0 0 2500
1012 0 0 0 2500
1022 0 0 0 2500
1032 0 0 0 2500
1042 0 0 0 2500
1052 0 0 0 2500
1062 0 0 0 2500
1072 0 0 0 2500
1082 0 0 0 2500
1092 0 0 0 2500
1102 0 0 0 2500
1112 0 0 0 2500
1122 0 0 0 2500
1132 0 0 0 2500
1142 0 0 0 2500
1152 0 0 0 2500
1162 0 0 0 2500
1172 0 0 0 2500
1182 0 0 0 2500
1192 0 0 0 2500
1202 0 0 0 2500
1212 0 0 0 2500
1222 0 0 0 2500
1232 0 0 0 2500
1242 0 0 0 2500
1252 0 0 0 2500
1262 0 0 0 2500
1272 0 0 0 2500
1282 0 0 0 2500
1292 0 0 0 2500
1302 0 0 0 2500
1312 0 0 0 2500
1322 0 0 0 2500
1332 0 0 0 2500
1342 0 0 0 2500
1352 0 0 0 2500
1362 0 0 0 2500
1372 0 0 0 2500
1382 0 0 0 2500
1392 0 0 0 2500
1402 0 0 0 2500
1412 0 0 0 2500
1422 0 0 0 2500
1432 0 0 0 2500
1442 0 0 0 2500
1452 0 0 0 2500
1462 0 0 0 2500
1472 0 0 0 2500
1482 0 0 0 2500
1492 0 0 0 2500
1502 0 0 0 2500
1512 0 0 0 2500
1522 0 0 0 2500
1532 0 0 0 2500
1542 0 0 0 2500
1552 0 0 0 2500
1562 0 0 0 2500
1572 0 0 0 2500
1582 0 0 0 2500
1592 0 0 0 2500
1602 0 0 0 2500
1612 0 0 0 2500
1622 0 0 0 2500
1632 0 0 0 2500
1642 0 0 0 2500
1652 0 0 0 2500
1662 0 0 0 2500
1672 0 0 0 2500
1682 0 0 0 2500
1692 0 0 0 2500
1702 0 0 0 2500
1712 0 0 0 2500
1722 0 0 0 2500
1732 0 0 0 2500
1742 0 0 0 2500
1752 0 0 0 2500
1762 0 0 0 2500
1772 0 0 0 2500
1782 0 0 0 2500
1792 0 0 0 2500
1802 0 0 0 2500
1812 0 0 0 2500
1822 0 0 0 2500
1832 0 0 0 2500
1842 0 0 0 2500
1852 0 0 0 2500
1862 0 0 0 2500
1872 0 0 0 2500
1882 0 0 0 2500
1892 0 0 0 2500
1902 0 0 0 2500
1912 0 0 0 2500
1922 0 0 0 2500
1932 0 0 0 2500
1942 0 0 0 2500
1952 0 0 0 2500
1962 0 0 0 2500
1972 0 0 0 2500
1982 0 0 0 2500
1992 0 0 0 2500
2002 0 0 0 2500