12 0 0 0 0
22 0 0 0 13
32 0 0 0 34
42 0 0 0 44
52 0 0 0 70
62 0 0 0 91
72 0 0 0 135
82 0 0 0 165
92 0 0 0 202
102 0 0 0 225
112 0 0 0 243
122 0 0 0 282
132 0 0 0 294
142 0 0 0 331
152 0 0 0 331
162 0 0 0 331
172 0 0 0 339
182 0 0 0 391
192 0 0 0 425
202 0 0 0 445
212 0 0 0 445
222 0 0 0 455
232 0 0 0 455
242 0 0 0 455
252 0 0 0 473
262 0 0 0 491
272 0 0 0 519
282 0 0 0 519
292 0 0 0 523
302 0 0 0 523
312 0 0 0 523
322 0 0 0 523
332 0 0 0 523
342 0 0 0 550
352 0 0 0 550
362 0 0 0 550
372 0 0 0 550
382 0 0 0 550
392 0 0 0 550
402 0 0 0 550
412 0 0 0 550
422 0 0 0 550
432 0 0 0 550
442 0 0 0 550
452 0 0 0 550
462 0 0 0 550
472 0 0 0 550
482 0 0 0 550
492 0 0 0 550
502 0 0 0 550
512 0 0 0 550
522 0 0 0 550
532 0 0 0 550
542 0 0 0 550
552 0 0 0 550
562 0 0 0 550
572 0 0 0 550
582 0 0 0 550
592 0 0 0 550
602 0 0 0 550
612 0 0 0 550
622 0 0 0 550
632 0 0 0 550
642 0 0 0 550
652 0 0 0 550
662 0 0 0 550
672 0 0 0 550
682 0 0 0 550
692 0 0 0 550
702 0 0 0 550
712 0 0 0 550
722 0 0 0 550
732 0 0 0 550
742 0 0 0 550
752 0 0 0 550
762 0 0 0 550
772 0 0 0 550
782 0 0 0 550
792 0 0 0 550
802 0 0 0 550
812 0 0 0 550
822 0 0 0 550
832 0 0 0 550
842 0 0 0 550
852 0 0 0 550
862 0 0 0 550
872 0 0 0 550
882 0 0 0 550
892 0 0 0 550
902 0 0 0 550
912 0 0 0 550
922 0 0 0 550
932 0 0 0 550
942 0 0 0 550
952 0 0 0 550
962 0 0 0 550
972 0 0 0 550
982 0 0 0 550
992 0 0 0 550
1002 0 0 0 550
1012 0 0 0 550
1022 0 0 0 550
1032 0 0 0 550
1042 0 0 0 550
1052 0 0 0 550
1062 0 0 0 550
1072 0 0 0 550
1082 0 0 0 550
1092 0 0 0 550
1102 0 0 0 550
1112 0 0 0 550
1122 0 0 0 550
1132 0 0 0 550
1142 0 0 0 550
1152 0 0 0 550
1162 0 0 0 550
1172 0 0 0 550
1182 0 0 0 550
1192 0 0 0 550
1202 0 0 0 550
1212 0 0 0 550
1222 0 0 0 550
1232 0 0 0 550
1242 0 0 0 550
1252 0 0 0 550
1262 0 0 0 550
1272 0 0 0 550
1282 0 0 0 550
1292 0 0 0 550
1302 0 0 0 550
1312 0 0 0 550
1322 0 0 0 550
1332 0 0 0 550
1342 0 0 0 550
1352 0 0 0 550
1362 0 0 0 550
1372 0 0 0 550
1382 0 0 0 550
1392 0 0 0 550
1402 0 0 0 550
1412 0 0 0 550
1422 0 0 0 550
1432 0 0 0 550
1442 0 0 0 550
1452 0 0 0 550
1462 0 0 0 550
1472 0 0 0 550
1482 0 0 0 550
1492 0 0 0 550
1502 0 0 0 550
1512 0 0 0 550
1522 0 0 0 550
1532 0 0 0 550
1542 0 0 0 550
1552 0 0 0 550
1562 0 0 0 550
1572 0 0 0 550
1582 0 0 0 550
1592 0 0 0 550
1602 0 0 0 550
1612 0 0 0 550
1622 0 0 0 550
1632 0 0 0 550
1642 0 0 0 550
1652 0 0 0 550
1662 0 0 0 550
1672 0 0 0 550
1682 0 0 0 550
1692 0 0 0 550
1702 0 0 0 550
1712 0 0 0 550
1722 0 0 0 550
1732 0 0 0 550
1742 0 0 0 550
1752 0 0 0 550
1762 0 0 0 550
1772 0 0 0 550
1782 0 0 0 550
1792 0 0 0 550
1802 0 0 0 550
1812 0 0 0 550
1822 0 0 0 550
1832 0 0 0 550
1842 0 0 0 550
1852 0 0 0 550
1862 0 0 0 550
1872 0 0 0 550
1882 0 0 0 550
1892 0 0 0 550
1902 0 0 0 550
1912 0 0 0 550
1922 0 0 0 550
1932 0 0 0 550
1942 0 0 0 550
1952 0 0 0 550
1962 0 0 0 550
1972 0 0 0 550
1982 0 0 0 550
1992 0 0 0 550
2002 0 0 0 550