12 0 0 0 0
22 0 0 0 0
32 0 0 0 0
42 0 0 0 0
52 0 0 0 100
62 0 0 0 130
72 0 0 0 150
82 0 0 0 210
92 0 0 0 210
102 0 0 0 210
112 0 0 0 300
122 0 0 0 325
132 0 0 0 325
142 0 0 0 325
152 0 0 0 325
162 0 0 0 325
172 0 0 0 325
182 0 0 0 325
192 0 0 0 325
202 0 0 0 325
212 0 0 0 370
222 0 0 0 370
232 0 0 0 370
242 0 0 0 380
252 0 0 0 380
262 0 0 0 500
272 0 0 0 500
282 0 0 0 550
292 0 0 0 550
302 0 0 0 550
312 0 0 0 550
322 0 0 0 590
332 0 0 0 590
342 0 0 0 590
352 0 0 0 600
362 0 0 0 600
372 0 0 0 600
382 0 0 0 600
392 0 0 0 600
402 0 0 0 600
412 0 0 0 600
422 0 0 0 600
432 0 0 0 600
442 0 0 0 600
452 0 0 0 600
462 0 0 0 600
472 0 0 0 600
482 0 0 0 600
492 0 0 0 600
502 0 0 0 600
512 0 0 0 600
522 0 0 0 600
532 0 0 0 600
542 0 0 0 600
552 0 0 0 600
562 0 0 0 600
572 0 0 0 600
582 0 0 0 600
592 0 0 0 600
602 0 0 0 600
612 0 0 0 600
622 0 0 0 600
632 0 0 0 600
642 0 0 0 600
652 0 0 0 600
662 0 0 0 600
672 0 0 0 600
682 0 0 0 600
692 0 0 0 600
702 0 0 0 600
712 0 0 0 600
722 0 0 0 600
732 0 0 0 600
742 0 0 0 600
752 0 0 0 600
762 0 0 0 600
772 0 0 0 600
782 0 0 0 600
792 0 0 0 600
802 0 0 0 600
812 0 0 0 600
822 0 0 0 600
832 0 0 0 600
842 0 0 0 600
852 0 0 0 600
862 0 0 0 600
872 0 0 0 600
882 0 0 0 600
892 0 0 0 600
902 0 0 0 600
912 0 0 0 600
922 0 0 0 600
932 0 0 0 600
942 0 0 0 600
952 0 0 0 600
962 0 0 0 600
972 0 0 0 600
982 0 0 0 600
992 0 0 0 600
1002 0 0 0 600
1012 0 0 0 600
1022 0 0 0 600
1032 0 0 0 600
1042 0 0 0 600
1052 0 0 0 600
1062 0 0 0 600
1072 0 0 0 600
1082 0 0 0 600
1092 0 0 0 600
1102 0 0 0 600
1112 0 0 0 600
1122 0 0 0 600
1132 0 0 0 600
1142 0 0 0 600
1152 0 0 0 600
1162 0 0 0 600
1172 0 0 0 600
1182 0 0 0 600
1192 0 0 0 600
1202 0 0 0 600
1212 0 0 0 600
1222 0 0 0 600
1232 0 0 0 600
1242 0 0 0 600
1252 0 0 0 600
1262 0 0 0 600
1272 0 0 0 600
1282 0 0 0 600
1292 0 0 0 600
1302 0 0 0 600
1312 0 0 0 600
1322 0 0 0 600
1332 0 0 0 600
1342 0 0 0 600
1352 0 0 0 600
1362 0 0 0 600
1372 0 0 0 600
1382 0 0 0 600
1392 0 0 0 600
1402 0 0 0 600
1412 0 0 0 600
1422 0 0 0 600
1432 0 0 0 600
1442 0 0 0 600
1452 0 0 0 600
1462 0 0 0 600
1472 0 0 0 600
1482 0 0 0 600
1492 0 0 0 600
1502 0 0 0 600
1512 0 0 0 600
1522 0 0 0 600
1532 0 0 0 600
1542 0 0 0 600
1552 0 0 0 600
1562 0 0 0 600
1572 0 0 0 600
1582 0 0 0 600
1592 0 0 0 600
1602 0 0 0 600
1612 0 0 0 600
1622 0 0 0 600
1632 0 0 0 600
1642 0 0 0 600
1652 0 0 0 600
1662 0 0 0 600
1672 0 0 0 600
1682 0 0 0 600
1692 0 0 0 600
1702 0 0 0 600
1712 0 0 0 600
1722 0 0 0 600
1732 0 0 0 600
1742 0 0 0 600
1752 0 0 0 600
1762 0 0 0 600
1772 0 0 0 600
1782 0 0 0 600
1792 0 0 0 600
1802 0 0 0 600
1812 0 0 0 600
1822 0 0 0 600
1832 0 0 0 600
1842 0 0 0 600
1852 0 0 0 600
1862 0 0 0 600
1872 0 0 0 600
1882 0 0 0 600
1892 0 0 0 600
1902 0 0 0 600
1912 0 0 0 600
1922 0 0 0 600
1932 0 0 0 600
1942 0 0 0 600
1952 0 0 0 600
1962 0 0 0 600
1972 0 0 0 600
1982 0 0 0 600
1992 0 0 0 600
2002 0 0 0 600