11 0 0 0 0
12 0 0 0 90
21 0 0 0 200
22 0 0 0 250
31 0 0 0 350
32 0 0 0 400
41 0 0 0 500
42 0 0 0 500
51 0 0 0 500
52 0 0 0 500
61 0 0 0 500
62 0 0 0 500
71 0 0 0 500
72 0 0 0 500
81 0 0 0 500
82 0 0 0 500
91 0 0 0 500
92 0 0 0 500
101 0 0 0 500
102 0 0 0 500
111 0 0 0 500
112 0 0 0 500
121 0 0 0 500
122 0 0 0 500
131 0 0 0 500
132 0 0 0 500
141 0 0 0 500
142 0 0 0 500
151 0 0 0 500
152 0 0 0 500
161 0 0 0 500
162 0 0 0 500
171 0 0 0 500
172 0 0 0 500
181 0 0 0 500
182 0 0 0 500
191 0 0 0 500
192 0 0 0 500
201 0 0 0 500
202 0 0 0 500