11 0 0 0 0
12 0 0 0 600
21 0 0 0 800
22 0 0 0 1200
31 0 0 0 1400
32 0 0 0 1600
41 0 0 0 1600
42 0 0 0 1600
51 0 0 0 1600
52 0 0 0 1600
61 0 0 0 1600
62 0 0 0 1600
71 0 0 0 1600
72 0 0 0 1600
81 0 0 0 1600
82 0 0 0 1600
91 0 0 0 1600
92 0 0 0 1600
101 0 0 0 1600
102 0 0 0 1600
111 0 0 0 1600
112 0 0 0 1600
121 0 0 0 1600
122 0 0 0 1600
131 0 0 0 1600
132 0 0 0 1600
141 0 0 0 1600
142 0 0 0 1600
151 0 0 0 1600
152 0 0 0 1600
161 0 0 0 1600
162 0 0 0 1600
171 0 0 0 1600
172 0 0 0 1600
181 0 0 0 1600
182 0 0 0 1600
191 0 0 0 1600
192 0 0 0 1600
201 0 0 0 1600
202 0 0 0 1600