11 0 0 0 0
12 0 0 0 90
21 0 0 0 200
22 0 0 0 250
31 0 0 0 300
32 0 0 0 350
41 0 0 0 500
42 0 0 0 550
51 0 0 0 600
52 0 0 0 600
61 0 0 0 600
62 0 0 0 600
71 0 0 0 600
72 0 0 0 600
81 0 0 0 600
82 0 0 0 600
91 0 0 0 600
92 0 0 0 600
101 0 0 0 600
102 0 0 0 600
111 0 0 0 600
112 0 0 0 600
121 0 0 0 600
122 0 0 0 600
131 0 0 0 600
132 0 0 0 600
141 0 0 0 600
142 0 0 0 600
151 0 0 0 600
152 0 0 0 600
161 0 0 0 600
162 0 0 0 600
171 0 0 0 600
172 0 0 0 600
181 0 0 0 600
182 0 0 0 600
191 0 0 0 600
192 0 0 0 600
201 0 0 0 600
202 0 0 0 600